AN = 1e4.803
BN = 1e4.595
CN = 1e3.62626
DN = (1e3.0:1e5.0)
EN = (1e3.0:1e5.0)
FN = (1e3.0:1e5.0)
Ftp = (16:24)
Fp = (0.0:1.0)
DCt = (400:800)
EBt = (400:1259.85)
CBt = 1259.85
EN2t = 1259.85
EN2 = 1e3.329674
BAt = 1877.78
